4294967278,20
4294967278,19
4294967278,26
4294967278,25
4294967278,24
4294967278,23
4294967278,22
4294967278,21
4294967279,276
4294967279,262
4294967294,160
4294967294,162
4294967294,12
4294967294,104
4294967294,106
4294967294,166
4294967294,183
4294967294,176
4294967278,32
4294967278,31
4294967278,30
4294967278,29
4294967278,28
4294967278,27
4294967294,437
4294967279,261
4294967294,1419
4294967294,1413
4294967294,163
4294967294,901
4294967294,161
4294967294,909
4294967294,190
4294967294,396
4294967294,178
4294967294,948
4294967294,444
4294967294,384
4294967294,167
4294967294,391
4294967294,451
4294967294,118
4294967278,33
4294967279,274
4294967278,34
4294967279,520
4294967279,281
4294967278,35
4294967278,37
4294967278,36
4294967279,566
4294967278,43
4294967278,42
4294967278,41
4294967278,40
4294967278,39
4294967278,38
4294967278,336
4294967278,60
4294967278,59
4294967278,58
4294967278,57
4294967278,56
4294967278,55
4294967278,54
4294967278,53
4294967278,52
4294967278,51
4294967278,50
4294967278,49
4294967278,48
4294967278,47
4294967278,46
4294967278,45
4294967278,44
4294967279,307
4294967279,81
4294967279,536
4294967279,78
4294967279,77
4294967279,76
4294967279,75
4294967279,74
4294967279,73
4294967279,72
4294967279,556
4294967279,70
4294967279,68
4294967279,67
4294967279,65
4294967279,64
4294967279,63
4294967279,62
4294967279,61
4294967279,60
4294967279,59
4294967279,58
4294967279,54
4294967279,53
4294967279,52
4294967279,51
4294967279,50
4294967279,48
4294967279,47
4294967279,46
4294967279,44
4294967279,42
4294967279,41
4294967279,39
4294967279,36
4294967279,34
4294967279,33
4294967279,32
4294967279,31
4294967279,30
4294967279,29
4294967279,25
4294967279,24
4294967279,23
4294967279,22
4294967279,21
4294967279,20
4294967279,18
4294967279,16
4294967279,15
4294967279,14
4294967279,12
4294967278,335
4294967278,334
4294967278,358
4294967278,357
4294967278,381
4294967278,331
4294967278,330
4294967278,254
4294967278,329
4294967278,253
4294967278,252
4294967278,251
4294967278,248
4294967278,246
56,4
4294967278,244
56,3
56,2
56,1
4294967278,243
4294967278,242
4294967278,237
4294967294,115
4294967278,239
4294967278,327
55,6
4294967278,236
4294967278,355
4294967278,234
55,5
4294967278,230
55,4
4294967278,228
55,3
55,2
55,1
4294967278,227
4294967278,226
4294967278,220
4294967278,223
4294967278,221
54,5
4294967278,218
4294967278,216
54,4
54,3
54,2
54,1
4294967278,214
4294967294,389
4294967278,213
4294967278,326
4294967294,388
4294967278,354
4294967279,565
4294967278,324
4294967278,208
4294967278,207
53,5
4294967278,206
53,4
53,3
53,2
53,1
4294967278,205
4294967278,371
4294967278,203
4294967278,202
4294967278,352
4294967279,564
4294967278,201
52,5
4294967278,199
52,4
4294967278,198
52,3
52,2
52,1
4294967278,319
4294967278,197
4294967278,194
4294967278,318
4294967278,316
51,5
4294967278,193
4294967278,192
51,4
4294967279,192
51,3
51,2
51,1
4294967278,191
4294967294,409
4294967294,399
4294967294,1415
4294967294,179
4294967294,385
4294967294,420
4294967294,414
4294967294,168
4294967294,913
4294967294,398
4294967294,415
4294967294,919
4294967294,403
4294967294,109
4294967294,175
4294967294,453
4294967294,416
4294967294,116
4294967294,169
4294967294,76
4294967294,41
4294967279,189
4294967278,188
4294967279,188
50,4
4294967278,187
50,3
50,2
50,1
4294967278,370
4294967278,186
4294967294,468
4294967279,563
4294967294,904
4294967294,186
4294967278,312
4294967279,562
4294967279,538
4294967279,0
4294967278,380
4294967279,302
4294967294,89
4294967278,311
4294967278,310
4294967279,535
4294967294,394
4294967278,369
4294967279,534
4294967294,50
4294967294,91
4294967294,90
4294967294,87
4294967294,85
4294967294,84
4294967294,921
4294967294,950
4294967294,949
4294967294,419
4294967294,920
4294967294,53
4294967294,417
4294967294,52
4294967294,392
4294967294,45
4294967294,390
4294967294,424
4294967294,114
4294967294,120
4294967294,43
4294967294,44
4294967278,379
4294967294,9
4294967278,179
4294967294,8
4294967278,378
4294967278,346
4294967279,555
4294967294,6
4294967294,81
4294967294,83
4294967294,68
4294967294,11
4294967278,132
4294967278,131
4294967278,130
4294967278,129
4294967278,128
4294967278,127
4294967278,126
4294967278,125
4294967278,124
4294967278,123
4294967278,122
4294967278,121
4294967278,120
4294967278,119
4294967278,118
4294967278,117
4294967278,116
